>> mat_5_0.matlab_performance_2000([500,1000,1500,2000,2500,3000,3500,4000,4500,5000])

ans =

  10×1 cell array

    {[    4.0290]}
    {[   19.5247]}
    {[   53.8699]}
    {[  112.9883]}
    {[  208.7966]}
    {[  339.6136]}
    {[  517.7571]}
    {[  754.9845]}
    {[1.0506e+03]}
    {[1.4329e+03]}

>> perf_5_0_2.degree_2000([500,1000,1500,2000,2500,3000,3500,4000,4500,5000],2)
[ps{[500,1000,1500,2000,2500,3000,3500,4000,4500,5000]}]

ans =

  10×1 cell array

    {[  332.6000]}
    {[      1237]}
    {[2.7634e+03]}
    {[4.8146e+03]}
    {[8.0766e+03]}
    {[1.6980e+04]}
    {[     25874]}
    {[3.5611e+04]}
    {[     52146]}
    {[     74866]}


ans =

    0.2944    1.1540    3.0172    7.1336   12.7780   20.2232   30.1080   43.1276   56.2084   75.2838
	
	
	
	
	
>> mat_5_0.matlab_performance_20([500,1000,1500,2000,2500,3000,3500,4000,4500,5000])
perf_5_0_2.degree_20([500,1000,1500,2000,2500,3000,3500,4000,4500,5000],2)

ans =

  10×1 cell array

    {[ 0.0442]}
    {[ 0.2032]}
    {[ 0.5557]}
    {[ 1.1663]}
    {[ 2.1240]}
    {[ 3.4384]}
    {[ 5.2335]}
    {[ 7.6377]}
    {[10.5570]}
    {[14.4270]}


ans =

  10×1 cell array

    {[  211.2000]}
    {[1.0598e+03]}
    {[      2636]}
    {[4.3058e+03]}
    {[7.8342e+03]}
    {[1.6552e+04]}
    {[2.4859e+04]}
    {[3.6980e+04]}
    {[5.3830e+04]}
    {[7.1915e+04]}